0,51958
0,103723
0,177005
0,128113
0,143214
0,179623
0,131023
0,137206
0,190771
0,97032
0,89626
0,66751
0,58416
0,124858
0,60438
0,51112
0,176325
0,163891
0,36169
0,165070
0,43115
0,121623
0,65617
0,136098
0,60918
0,112555
0,170590
0,209854
0,158861
0,48049
0,55466
0,205478
0,205635
0,184166
0,111492
0,140183
0,72346
0,154523
0,22806
0,177058
0,88796
0,11035
0,18209
0,92280
0,58252
0,212455
0,163897
0,14939
0,28321
0,181161
0,113868
0,20691
0,198023
0,54835
0,113771
0,56504
0,18395
0,119992
0,3411
0,190365
0,27504
0,172157
0,187104
0,153778
0,205689
0,207537
0,176802
0,131203
0,44757
0,216262
0,100584
0,105832
0,112754
0,50534
0,34527
0,58182
0,59426
0,184281
0,190197
0,155246
0,47789
0,13117
0,18355
0,88752
0,10054
0,51762
0,130386
0,220458
0,169233
0,46144
0,28686
0,92816
0,175531
0,22047
0,179350
0,151962
0,126830
0,188484
0,165358
0,119209
1,84891
1,166894
1,158962
1,46553
1,90872
1,68896
1,17206
1,93337
1,206089
1,20876
1,126039
1,131460
1,137054
1,138901
1,181679
1,179634
1,14199
1,35780
1,35354
1,155537
1,89246
1,161881
1,99926
1,22725
1,139635
1,39065
1,7536
1,130092
1,179161
1,48701
1,112788
1,158528
1,28400
1,200726
1,107153
1,211926
1,215206
1,29615
1,48642
1,27483
1,417
1,44271
1,76887
1,26872
1,73514
1,130517
1,57780
1,43534
1,136161
1,133430
1,9890
1,70206
1,127480
1,186594
1,112650
1,162453
1,80223
1,75748
1,119218
1,14395
1,64264
1,45935
1,176270
1,109210
1,67639
1,151747
1,104767
1,2392
1,190146
1,27585
1,104946
1,69680
1,191917
1,201923
1,24387
1,29743
1,134028
1,146205
1,95268
1,120546
1,24208
1,127862
1,8632
1,42887
1,219404
1,110499
1,123438
1,116580
1,1157
1,29214
1,201266
1,102086
1,172878
1,113697
1,41112
1,27615
1,163389
1,97187
1,57799
1,192420
2,49814
2,219013
2,16944
2,24734
2,96270
2,133716
2,23450
2,47765
2,85583
2,171830
2,117223
2,171501
2,19957
2,54998
2,136057
2,53728
2,177185
2,197408
2,162819
2,99543
2,137459
2,140927
2,184346
2,185319
2,66991
2,169725
2,76042
2,200531
2,77570
2,154428
2,180474
2,187180
2,3156
2,40162
2,75341
2,135897
2,170409
2,64458
2,158056
2,85724
2,210053
2,75990
2,79022
2,199777
2,132391
2,140757
2,86096
2,100001
2,95064
2,195081
2,189728
2,118662
2,104970
2,21411
2,120830
2,127669
2,179034
2,133941
2,110008
2,125751
2,147053
2,14007
2,73615
2,34652
2,196258
2,173094
2,113004
2,183018
2,144553
2,130091
2,132654
2,84079
2,137401
2,185787
2,57670
2,4089
2,93410
2,102103
2,8910
2,189320
2,174260
2,127853
2,127446
2,170393
2,136132
2,44522
2,125417
2,152801
2,29176
2,129874
2,76969
2,165028
2,169171
2,2706
2,144589
2,56789
2,214028
2,36842
2,219479
2,34849
3,73265
3,194653
3,204062
3,86920
3,156351
3,31055
3,141504
3,192564
3,132769
3,147901
3,44963
3,300
3,104580
3,105726
3,45578
3,58650
3,102054
3,123502
3,186548
3,79082
3,142634
3,484
3,27896
3,217877
3,4409
3,200434
3,114371
3,17140
3,2551
3,112274
3,210890
3,63674
3,188972
3,106492
3,198278
3,153428
3,187627
3,131124
3,220444
3,108048
3,3023
3,187926
3,143482
3,33604
3,94449
3,201588
3,133873
3,104975
3,172984
3,136121
3,68413
3,204037
3,32469
3,80930
3,137141
3,24710
3,182690
3,33754
3,206619
3,137959
3,37879
3,105321
3,110351
3,14804
3,143174
3,191408
3,166947
3,204589
3,97794
3,214481
3,136431
3,90655
3,198421
3,122304
3,21757
3,207944
3,119154
3,148518
3,137412
3,41100
3,44740
3,210422
3,188655
3,120336
3,75664
3,115113
3,82337
3,14674
3,140356
3,164828
3,149161
3,191170
3,162381
3,141013
3,175574
3,69877
3,4434
3,92432
3,181881
3,63421
4,156844
4,50561
4,218768
4,78131
4,22154
4,15425
4,4550
4,89985
4,140459
4,14869
4,173298
4,30248
4,142790
4,217362
4,76394
4,181990
4,146572
4,81519
4,200825
4,191004
4,8362
4,109963
4,87193
4,199221
4,115211
4,174261
4,97613
4,108305
4,75468
4,172555
4,40258
4,19134
4,114688
4,104608
4,43655
4,202051
4,117156
4,84944
4,170758
4,165162
4,139986
4,100535
4,204755
4,63277
4,112705
4,46457
4,46307
4,79239
4,161320
4,92931
4,197815
4,193068
4,33378
4,10346
4,37412
4,185342
4,116727
4,90524
4,190346
4,29194
4,184069
4,180587
4,182521
4,82079
4,168182
4,205904
4,1417
4,180892
4,179369
4,20202
4,78555
4,87421
4,89819
4,82324
4,59161
4,209995
4,38043
4,40870
4,95508
4,31862
4,47005
4,189934
4,75211
4,72144
4,170357
4,65232
4,174817
4,166399
4,36567
4,193800
4,71983
4,179994
4,147463
4,180200
4,117013
4,98026
4,27821
4,208521
4,187332
4,166420
5,123195
5,144362
5,94567
5,71835
5,172893
5,176696
5,104825
5,46092
5,24533
5,54233
5,214543
5,108677
5,220199
5,62259
5,70564
5,105695
5,82073
5,172660
5,75636
5,98397
5,30842
5,114112
5,85107
5,50934
5,164169
5,141237
5,196514
5,61033
5,3095
5,51674
5,39453
5,173164
5,30621
5,59202
5,36737
5,108372
5,7062
5,82523
5,55563
5,17392
5,135119
5,92901
5,166841
5,104234
5,140170
5,15499
5,16907
5,125861
5,215112
5,11570
5,48829
5,191208
5,102242
5,45755
5,186367
5,78546
5,102081
5,86243
5,22986
5,217667
5,82017
5,118993
5,81821
5,31019
5,144969
5,141057
5,118696
5,207962
5,190261
5,130904
5,37523
5,61298
5,162602
5,140879
5,79987
5,178398
5,18629
5,210359
5,120547
5,67190
5,150922
5,46520
5,167471
5,26052
5,76112
5,24004
5,196455
5,173453
5,7123
5,135289
5,83223
5,84147
5,125189
5,103610
5,219198
5,132979
5,183621
5,211609
5,147089
5,141747
6,98740
6,123970
6,65696
6,135836
6,45556
6,6376
6,42554
6,162237
6,200515
6,26216
6,6321
6,11653
6,152385
6,20299
6,29975
6,104325
6,132928
6,199588
6,156466
6,178028
6,134798
6,166291
6,63316
6,191950
6,112840
6,91866
6,206050
6,53452
6,48320
6,116871
6,168102
6,130923
6,157521
6,158622
6,98175
6,138024
6,117346
6,23308
6,204968
6,109724
6,154268
6,63039
6,23160
6,219949
6,134677
6,109783
6,29536
6,139439
6,82860
6,54959
6,133489
6,217133
6,58486
6,76371
6,61768
6,73656
6,36742
6,66397
6,121342
6,78530
6,147969
6,49681
6,131479
6,42388
6,65042
6,103009
6,94229
6,179684
6,58492
6,15146
6,213066
6,156771
6,88866
6,219870
6,206099
6,117148
6,121453
6,178173
6,216884
6,150550
6,163264
6,35456
6,191986
6,154805
6,64580
6,18763
6,186088
6,105588
6,3420
6,211876
6,98139
6,74774
6,73995
6,49331
6,9012
6,9200
6,104558
6,42362
6,109487
6,18113
7,6365
7,115475
7,166727
7,111323
7,64043
7,57846
7,106728
7,124692
7,50257
7,5706
7,108174
7,135476
7,93738
7,95669
7,76062
7,29927
7,182892
7,183736
7,167646
7,69310
7,187751
7,146222
7,138786
7,19168
7,27364
7,108121
7,57192
7,47642
7,26172
7,195195
7,83222
7,35088
7,80623
7,121444
7,213952
7,194223
7,212696
7,24562
7,185823
7,101833
7,55970
7,217503
7,42249
7,5513
7,118655
7,93241
7,207305
7,111681
7,45736
7,138269
7,186270
7,114537
7,38616
7,164932
7,211747
7,22228
7,187855
7,214371
7,79743
7,69107
7,154584
7,209807
7,74821
7,46522
7,40735
7,53488
7,36509
7,182044
7,144815
7,76046
7,88800
7,8747
7,80207
7,105143
7,92839
7,4875
7,95718
7,47102
7,78410
7,47536
7,41506
7,143586
7,219186
7,130099
7,219438
7,18779
7,115592
7,92879
7,118022
7,196001
7,181091
7,198674
7,57512
7,114807
7,209586
7,37325
7,37214
7,141328
7,5402
7,77297
8,102064
8,144585
8,202821
8,165021
8,55690
8,52564
8,125556
8,13712
8,1556
8,97345
8,49982
8,120141
8,190145
8,194114
8,157719
8,11957
8,154007
8,216620
8,181784
8,57521
8,63534
8,65847
8,184306
8,180453
8,76840
8,55638
8,100353
8,96007
8,100528
8,142829
8,5449
8,6131
8,36289
8,115033
8,74157
8,169743
8,43214
8,182711
8,22175
8,31014
8,193386
8,103653
8,13286
8,102502
8,133399
8,153752
8,56652
8,94352
8,39013
8,78272
8,166893
8,51089
8,119197
8,108649
8,201496
8,165292
8,177753
8,146409
8,191575
8,98179
8,60955
8,837
8,106750
8,129633
8,70016
8,186499
8,75865
8,78180
8,482
8,125274
8,90955
8,87706
8,37314
8,84786
8,57924
8,156197
8,42070
8,145453
8,29789
8,122978
8,123420
8,105838
8,147254
8,1121
8,119234
8,149014
8,210591
8,28399
8,213713
8,203842
8,98962
8,3530
8,151625
8,37082
8,64268
8,147226
8,149453
8,15738
8,27399
8,124774
9,204379
9,105012
9,136312
9,8724
9,218676
9,96628
9,54985
9,65336
9,160702
9,108335
9,118901
9,181674
9,185105
9,164841
9,110695
9,31382
9,146028
9,52087
9,184982
9,205644
9,11251
9,133562
9,102504
9,139383
9,89656
9,31122
9,197301
9,129062
9,161830
9,164897
9,148119
9,82522
9,41434
9,47845
9,126613
9,123349
9,201851
9,39807
9,93179
9,87328
9,9784
9,154718
9,140538
9,58389
9,180216
9,169876
9,13733
9,53158
9,97714
9,218475
9,24478
9,171350
9,129891
9,191044
9,60920
9,74168
9,55738
9,112371
9,175129
9,118644
9,136207
9,116078
9,7755
9,4385
9,23919
9,80334
9,140663
9,96970
9,62478
9,135303
9,113173
9,33658
9,71839
9,52425
9,153381
9,48158
9,104967
9,108743
9,121315
9,146583
9,115301
9,139604
9,14352
9,79801
9,175551
9,158199
9,220162
9,192281
9,90303
9,169516
9,98954
9,311
9,16620
9,76567
9,9978
9,212730
9,191424
9,192647
9,216107
9,117864
10,200810
10,40801
10,196212
10,180039
10,151137
10,84376
10,179762
10,75633
10,31230
10,67992
10,74857
10,64384
10,39752
10,120155
10,29859
10,14947
10,38791
10,9396
10,10750
10,60537
10,111363
10,154712
10,87784
10,134631
10,68073
10,100885
10,31526
10,23927
10,143335
10,5307
10,201657
10,43281
10,112406
10,41865
10,175873
10,137321
10,7190
10,214804
10,93702
10,90346
10,112049
10,42332
10,159342
10,53360
10,154212
10,130961
10,144268
10,64379
10,67112
10,219222
10,193364
10,90300
10,35922
10,178883
10,152816
10,174000
10,159379
10,149269
10,1443
10,81751
10,65361
10,29539
10,219749
10,107443
10,113688
10,134698
10,70006
10,112471
10,43871
10,197860
10,143691
10,80023
10,125888
10,84358
10,138657
10,89641
10,26856
10,213740
10,60915
10,1623
10,132819
10,67367
10,108967
10,111344
10,4936
10,54360
10,91089
10,92435
10,110501
10,202791
10,136134
10,206393
10,186736
10,215275
10,123022
10,15154
10,149739
10,145817
10,50693
10,30298
11,50425
11,84926
11,154935
11,168947
11,37406
11,189761
11,35894
11,174889
11,107920
11,21316
11,70979
11,31803
11,184662
11,61573
11,211322
11,208862
11,74562
11,79197
11,4867
11,71576
11,56843
11,197715
11,169295
11,36106
11,96296
11,25354
11,123429
11,87065
11,19671
11,85867
11,72934
11,46925
11,79031
11,36117
11,148811
11,19041
11,18183
11,129639
11,99149
11,187429
11,165754
11,131989
11,75294
11,214834
11,91274
11,130023
11,124760
11,74248
11,36262
11,41401
11,201321
11,46142
11,208454
11,112339
11,123341
11,37873
11,108566
11,87376
11,125591
11,106312
11,141851
11,143103
11,88563
11,107025
11,65524
11,61370
11,24343
11,152383
11,65066
11,11024
11,162721
11,98802
11,23767
11,201485
11,164452
11,74261
11,13677
11,67547
11,186197
11,81068
11,17766
11,185050
11,156597
11,158491
11,91119
11,180277
11,9732
11,48
11,75017
11,74667
11,76589
11,31573
11,84317
11,131224
11,44694
11,88254
11,140715
11,84670
11,30479
11,218732
12,10151
12,96521
12,213537
12,136276
12,191709
12,158358
12,184716
12,33382
12,47682
12,139627
12,207497
12,58193
12,168595
12,51103
12,160159
12,182360
12,122239
12,11343
12,68712
12,67603
12,196416
12,3135
12,151503
12,165332
12,33858
12,12975
12,8434
12,199298
12,174957
12,143837
12,210228
12,172274
12,34263
12,148237
12,205934
12,101475
12,57497
12,126663
12,205962
12,213720
12,69524
12,141198
12,139901
12,138805
12,101765
12,200940
12,218409
12,176656
12,138837
12,69228
12,16698
12,166668
12,126305
12,150016
12,78900
12,196537
12,24066
12,152669
12,161159
12,193431
12,149439
12,208195
12,20337
12,19779
12,205207
12,60065
12,196868
12,176017
12,77185
12,115086
12,166210
12,19515
12,175155
12,57126
12,201886
12,69977
12,72483
12,77554
12,20276
12,199080
12,177103
12,79714
12,186948
12,176952
12,16625
12,181638
12,60395
12,131068
12,105084
12,139132
12,92308
12,134489
12,159289
12,53401
12,153839
12,23375
12,202878
12,95053
12,13288
12,32378
13,78609
13,43717
13,109415
13,91211
13,93844
13,96609
13,70935
13,106393
13,160245
13,186990
13,29826
13,44742
13,87342
13,202315
13,159525
13,97697
13,220165
13,199042
13,178634
13,41293
13,149288
13,58855
13,79634
13,220087
13,133054
13,143565
13,59147
13,194363
13,138351
13,167783
13,177525
13,127003
13,131970
13,172923
13,136802
13,102427
13,150749
13,100384
13,115578
13,101820
13,139436
13,30146
13,2959
13,204055
13,152525
13,113977
13,36916
13,11524
13,74222
13,211995
13,94235
13,24912
13,199807
13,54590
13,52842
13,141042
13,189671
13,15455
13,15444
13,36526
13,40677
13,167716
13,3610
13,124192
13,130420
13,26403
13,158548
13,6112
13,193931
13,210094
13,44307
13,155768
13,155765
13,138828
13,161589
13,162508
13,8538
13,215678
13,48818
13,106223
13,201179
13,157262
13,199220
13,14241
13,15259
13,171988
13,25940
13,118515
13,101655
13,210731
13,28595
13,67761
13,217893
13,124347
13,37718
13,138605
13,19622
13,104241
13,165459
13,170868
14,116329
14,61812
14,77396
14,25618
14,139843
14,83806
14,163340
14,29131
14,131304
14,51675
14,60648
14,217715
14,77384
14,114803
14,205200
14,67073
14,4401
14,111528
14,60206
14,34758
14,152365
14,92720
14,97985
14,188528
14,27097
14,44525
14,75867
14,95727
14,6048
14,150120
14,99063
14,104149
14,147358
14,135700
14,190617
14,176171
14,113613
14,172954
14,28690
14,122189
14,99354
14,199153
14,52961
14,182977
14,203360
14,82
14,197662
14,22258
14,94897
14,977
14,53714
14,182793
14,167511
14,162224
14,206008
14,157450
14,83793
14,121682
14,70133
14,29513
14,115709
14,181691
14,8202
14,137100
14,118560
14,163723
14,67236
14,198017
14,154139
14,72608
14,61584
14,166889
14,76922
14,159084
14,34242
14,44316
14,127793
14,152974
14,74725
14,165835
14,42854
14,60853
14,155588
14,98689
14,64620
14,136626
14,143910
14,184
14,169285
14,179939
14,213655
14,38422
14,111478
14,20793
14,117362
14,75175
14,168791
14,30562
14,165365
14,2216
15,134478
15,13654
15,80120
15,177491
15,158974
15,111728
15,184336
15,21537
15,140377
15,205743
15,204366
15,97359
15,65197
15,81774
15,17906
15,94315
15,123670
15,133246
15,185890
15,149001
15,106689
15,181048
15,87916
15,43156
15,202751
15,176865
15,99075
15,137557
15,214139
15,16841
15,98910
15,123115
15,169720
15,70400
15,68351
15,55328
15,140700
15,149771
15,86595
15,77169
15,78380
15,104600
15,137243
15,169181
15,163094
15,100857
15,45437
15,95989
15,163642
15,148792
15,135374
15,27740
15,43385
15,108994
15,18276
15,114983
15,118803
15,169812
15,188388
15,189057
15,59435
15,179206
15,133194
15,175566
15,206232
15,5028
15,9042
15,41155
15,158654
15,93802
15,94515
15,149563
15,51142
15,23783
15,79918
15,161799
15,82658
15,204645
15,197755
15,101176
15,81184
15,207520
15,188006
15,31551
15,127142
15,70785
15,124610
15,38695
15,124788
15,109475
15,976
15,23316
15,122303
15,176965
15,97923
15,24167
15,82707
15,82121
15,71801
15,68720
16,99869
16,72047
16,96853
16,139531
16,153437
16,61601
16,83362
16,177929
16,19696
16,104013
16,6000
16,139691
16,159250
16,60492
16,95839
16,14928
16,207989
16,104173
16,67591
16,124732
16,54693
16,78370
16,208425
16,60701
16,218935
16,23043
16,111418
16,218857
16,70099
16,131153
16,189509
16,116418
16,87157
16,24262
16,208558
16,186412
16,105776
16,11805
16,161107
16,48857
16,49274
16,30052
16,35793
16,33172
16,17319
16,127889
16,11649
16,79209
16,131128
16,109955
16,63054
16,15489
16,33436
16,69429
16,58715
16,219865
16,197290
16,20351
16,79207
16,151787
16,199239
16,175264
16,132846
16,190690
16,38312
16,12564
16,109055
16,18720
16,220400
16,18895
16,29775
16,77282
16,186149
16,96250
16,77512
16,166181
16,48485
16,89287
16,102613
16,64814
16,208544
16,121094
16,116376
16,132522
16,87329
16,218116
16,139080
16,103135
16,109047
16,36919
16,7891
16,117740
16,50268
16,196085
16,59833
16,182631
16,204500
16,15435
16,20025
16,160714
17,133067
17,37146
17,87664
17,133271
17,194678
17,106841
17,83817
17,104871
17,7879
17,164987
17,114814
17,51442
17,177989
17,107513
17,95741
17,175709
17,195760
17,165586
17,187817
17,87851
17,52057
17,143462
17,176358
17,60696
17,70470
17,84295
17,201484
17,7385
17,134354
17,203748
17,158398
17,171522
17,215508
17,79476
17,123393
17,153163
17,86445
17,145270
17,47677
17,76883
17,82124
17,205342
17,198933
17,63899
17,45518
17,144496
17,186173
17,146532
17,217637
17,34761
17,115585
17,30572
17,10702
17,182564
17,168839
17,178060
17,135761
17,9695
17,189031
17,35798
17,141460
17,111004
17,29987
17,23623
17,110149
17,109153
17,70302
17,220007
17,138607
17,164461
17,116091
17,114599
17,35353
17,28501
17,161065
17,123020
17,178856
17,198833
17,84289
17,172703
17,6355
17,108242
17,212874
17,6609
17,139154
17,175120
17,95006
17,82159
17,43744
17,147015
17,73407
17,25715
17,62280
17,152737
17,240
17,62992
17,60911
17,66380
17,100194
17,156169
18,22963
18,134742
18,30713
18,39074
18,27179
18,66849
18,41466
18,125753
18,187910
18,37848
18,102020
18,168336
18,209169
18,153253
18,6412
18,14692
18,47936
18,219509
18,203359
18,118299
18,54894
18,157955
18,160335
18,176299
18,82029
18,220427
18,47010
18,74420
18,191020
18,212733
18,19511
18,131871
18,186604
18,138594
18,54327
18,11577
18,49608
18,33502
18,150662
18,30986
18,116569
18,147357
18,164394
18,177237
18,60505
18,37127
18,171581
18,92210
18,137933
18,145065
18,157014
18,113838
18,75724
18,59682
18,56763
18,71666
18,107086
18,60733
18,129933
18,190986
18,46908
18,143912
18,159347
18,11709
18,119480
18,152706
18,76253
18,121335
18,79015
18,1825
18,101970
18,126335
18,105269
18,121405
18,131022
18,125743
18,145524
18,90745
18,84820
18,83329
18,220112
18,139126
18,52480
18,122094
18,209108
18,79713
18,185804
18,217611
18,151427
18,57208
18,55961
18,96522
18,83251
18,212354
18,35987
18,151237
18,157947
18,102296
18,48336
18,212191
19,137705
19,194015
19,62852
19,50340
19,47414
19,31409
19,162978
19,94976
19,130666
19,33857
19,180827
19,122119
19,189873
19,194758
19,68620
19,113657
19,8430
19,106738
19,97043
19,38406
19,39521
19,108302
19,134036
19,11313
19,171253
19,172040
19,215547
19,152851
19,12998
19,17669
19,219405
19,138585
19,142392
19,36990
19,131793
19,12757
19,158711
19,144457
19,98786
19,16873
19,193114
19,66708
19,101382
19,124211
19,108105
19,120895
19,47289
19,139921
19,44838
19,199450
19,49644
19,49028
19,28031
19,149876
19,19856
19,6388
19,135926
19,146443
19,20654
19,126333
19,120533
19,116698
19,2247
19,121734
19,12936
19,140465
19,56677
19,86810
19,187051
19,118617
19,152265
19,100103
19,141384
19,88822
19,53385
19,97203
19,41972
19,16675
19,70865
19,206267
19,113200
19,191604
19,204112
19,32812
19,48483
19,159778
19,62420
19,73579
19,184433
19,183092
19,42416
19,67835
19,190395
19,82075
19,13412
19,209005
19,127164
19,206190
19,64311
19,135246
20,68708
20,39422
20,68445
20,214494
20,19363
20,129441
20,88531
20,50923
20,5960
20,218663
20,54419
20,8016
20,183364
20,186131
20,47441
20,206753
20,14512
20,50943
20,109772
20,19068
20,112523
20,101348
20,14889
20,71243
20,25637
20,121639
20,12002
20,178260
20,72502
20,188911
20,131343
20,124698
20,201625
20,184357
20,123865
20,84885
20,15399
20,129739
20,148140
20,176355
20,75456
20,12561
20,213133
20,218124
20,24800
20,47520
20,44925
20,43471
20,52067
20,55878
20,9542
20,61304
20,63556
20,109616
20,144183
20,87135
20,154949
20,148159
20,125599
20,110419
20,155966
20,50178
20,138296
20,166830
20,69
20,118458
20,42445
20,107343
20,10216
20,68804
20,108338
20,51050
20,175697
20,97125
20,205102
20,199481
20,74549
20,114510
20,64730
20,32035
20,172237
20,138135
20,146374
20,56389
20,40055
20,8079
20,24578
20,5527
20,135852
20,132829
20,152956
20,5598
20,5121
20,149385
20,79482
20,194136
20,45837
20,9055
20,122358
20,129547
21,8635
21,77425
21,45032
21,112303
21,24463
21,117984
21,163482
21,132536
21,172679
21,208696
21,167098
21,155724
21,1625
21,22365
21,106810
21,207273
21,201872
21,127074
21,15997
21,10766
21,36949
21,19798
21,143078
21,93023
21,124617
21,44530
21,96208
21,210531
21,219295
21,15763
21,144542
21,32048
21,176589
21,152025
21,213825
21,156704
21,78343
21,96054
21,78305
21,56819
21,143772
21,142641
21,206142
21,39091
21,198659
21,21983
21,160650
21,157364
21,169920
21,51132
21,155048
21,107159
21,135219
21,123938
21,86137
21,214222
21,77283
21,46151
21,13435
21,37019
21,95746
21,148585
21,51897
21,133046
21,155069
21,38551
21,209594
21,108410
21,5900
21,218007
21,68723
21,178869
21,110212
21,52567
21,167739
21,183890
21,72280
21,169747
21,180508
21,212118
21,187824
21,59749
21,35043
21,81099
21,219379
21,31809
21,33749
21,133518
21,70932
21,44213
21,36257
21,171086
21,149541
21,131655
21,117893
21,128534
21,10968
21,220635
21,25996
21,121104
22,88718
22,25002
22,209984
22,28767
22,202003
22,212888
22,213616
22,163766
22,209626
22,23825
22,136784
22,205863
22,177065
22,177402
22,166620
22,214918
22,182049
22,193309
22,194839
22,18446
22,50815
22,30681
22,156030
22,214278
22,85986
22,156077
22,159922
22,26274
22,162804
22,67839
22,163219
22,112916
22,118067
22,215366
22,29870
22,90170
22,103295
22,72898
22,78864
22,170584
22,133043
22,122840
22,81824
22,44473
22,104903
22,112164
22,152639
22,74802
22,34322
22,41211
22,192850
22,130032
22,184501
22,177907
22,107689
22,107860
22,209921
22,94125
22,77157
22,117075
22,56487
22,196844
22,113945
22,19026
22,191622
22,117974
22,170208
22,89553
22,41089
22,14813
22,52394
22,106117
22,186139
22,81675
22,60157
22,85894
22,95227
22,188364
22,27689
22,194781
22,150856
22,127877
22,199197
22,132144
22,59527
22,200038
22,187905
22,47114
22,153997
22,77335
22,149626
22,164322
22,143234
22,89679
22,124727
22,151463
22,30930
22,137541
22,109390
22,99892
23,95671
23,204507
23,78917
23,7620
23,189433
23,54212
23,125466
23,205789
23,216590
23,95264
23,119211
23,99013
23,157996
23,151511
23,204312
23,26740
23,7847
23,197278
23,20199
23,172700
23,89777
23,40899
23,17107
23,130815
23,100009
23,183358
23,217967
23,191776
23,114492
23,188611
23,208834
23,38250
23,38928
23,49576
23,39884
23,61844
23,30272
23,69258
23,60970
23,197530
23,119587
23,53394
23,119841
23,99136
23,179193
23,25586
23,5777
23,174594
23,9559
23,95971
23,69305
23,58700
23,142388
23,55210
23,4504
23,174977
23,151115
23,5327
23,8617
23,100547
23,205866
23,68668
23,142130
23,108414
23,82052
23,150013
23,208662
23,44770
23,175587
23,4070
23,128584
23,124989
23,111461
23,142364
23,120273
23,51210
23,126728
23,13134
23,1233
23,48341
23,201609
23,95684
23,51084
23,59685
23,179888
23,207892
23,72563
23,37439
23,79583
23,58420
23,63373
23,1851
23,127863
23,74072
23,113280
23,189766
23,7398
23,184663
23,190870
23,116979
24,44067
24,189092
24,125401
24,2263
24,131564
24,55820
24,88876
24,111596
24,24076
24,109213
24,81118
24,18843
24,51957
24,129176
24,162933
24,111152
24,142000
24,208185
24,86455
24,113768
24,119114
24,101966
24,73487
24,156524
24,207117
24,91786
24,139062
24,88509
24,83632
24,64470
24,69157
24,20246
24,64922
24,215278
24,190815
24,120930
24,178099
24,90833
24,201501
24,110264
24,104303
24,49742
24,91292
24,77006
24,59124
24,12000
24,210423
24,132608
24,165065
24,34769
24,103962
24,209325
24,55796
24,123906
24,166672
24,37169
24,158660
24,213841
24,20111
24,10545
24,132091
24,17258
24,55120
24,151236
24,192380
24,89756
24,74434
24,9966
24,112433
24,650
24,149827
24,153619
24,123418
24,116754
24,193720
24,39636
24,215433
24,63851
24,32887
24,3721
24,83398
24,157747
24,164441
24,210177
24,11776
24,95020
24,45989
24,109414
24,51865
24,198214
24,22762
24,113992
24,111819
24,147117
24,54765
24,48166
24,199393
24,25363
24,163511
24,203799
25,213493
25,73263
25,156593
25,206925
25,44855
25,31328
25,185800
25,141972
25,31043
25,30119
25,184483
25,150001
25,138921
25,126104
25,7201
25,181267
25,130844
25,70218
25,102875
25,9798
25,72150
25,135162
25,115043
25,108664
25,63500
25,169255
25,52536
25,84200
25,62424
25,149645
25,137646
25,17538
25,177765
25,37208
25,150068
25,34908
25,49365
25,23587
25,5007
25,85855
25,207927
25,153342
25,142484
25,54762
25,197565
25,216548
25,47393
25,24966
25,122681
25,212133
25,202760
25,163405
25,44339
25,36850
25,16073
25,45440
25,167721
25,128445
25,67314
25,151805
25,91357
25,191813
25,86897
25,16299
25,167593
25,61723
25,71365
25,218515
25,203438
25,48212
25,55245
25,137311
25,152964
25,134139
25,113061
25,153471
25,179549
25,71538
25,80079
25,52035
25,23671
25,131468
25,34772
25,103492
25,201744
25,165195
25,211851
25,171660
25,34176
25,48688
25,73023
25,69037
25,109961
25,131874
25,74727
25,140735
25,168820
25,199150
25,217867
25,188463
26,99360
26,84137
26,178473
26,172369
26,64883
26,160296
26,32699
26,134526
26,3984
26,76477
26,52537
26,38448
26,143901
26,128598
26,117100
26,3447
26,26471
26,162608
26,165817
26,24127
26,18000
26,104506
26,177133
26,2451
26,205227
26,86346
26,26678
26,87315
26,159468
26,205230
26,21104
26,100897
26,47453
26,59158
26,86374
26,149947
26,79840
26,165079
26,127597
26,177986
26,174246
26,162799
26,62860
26,126596
26,133390
26,162989
26,118741
26,109245
26,29654
26,5778
26,12220
26,212844
26,64083
26,1588
26,49248
26,4639
26,95345
26,61305
26,36674
26,88790
26,154008
26,126675
26,51581
26,86969
26,175982
26,41340
26,92850
26,52749
26,216583
26,69995
26,147147
26,91994
26,122905
26,119879
26,85800
26,97389
26,80670
26,216789
26,156738
26,100349
26,158158
26,2786
26,102108
26,4569
26,185509
26,30225
26,118900
26,201351
26,90715
26,176543
26,10676
26,151993
26,69625
26,189948
26,76571
26,9951
26,134401
26,129642
26,158535
26,97041
27,139327
27,124539
27,122620
27,182301
27,154215
27,167833
27,194994
27,152001
27,81127
27,158147
27,129883
27,159302
27,75523
27,151708
27,145861
27,74432
27,127699
27,124471
27,36833
27,164951
27,184898
27,140961
27,213777
27,148340
27,20358
27,186322
27,132754
27,57541
27,214160
27,90418
27,102330
27,69535
27,215729
27,39554
27,18033
27,96978
27,60151
27,26187
27,26837
27,46128
27,189817
27,74712
27,127315
27,198915
27,88373
27,16493
27,20018
27,105073
27,67077
27,79273
27,102990
27,144988
27,168949
27,166568
27,65714
27,149094
27,123145
27,58019
27,35484
27,116832
27,171487
27,206034
27,219343
27,170143
27,50855
27,212792
27,155029
27,103290
27,87270
27,168867
27,47199
27,75906
27,183726
27,116879
27,200340
27,81723
27,78648
27,68654
27,161820
27,129505
27,182540
27,57329
27,200773
27,104490
27,111986
27,39011
27,96585
27,95482
27,214531
27,84782
27,98248
27,206502
27,143976
27,135812
27,21154
27,113672
27,63804
27,104048
27,37386
27,108717
28,119139
28,93071
28,16305
28,119078
28,101956
28,17572
28,207755
28,147564
28,170514
28,209760
28,9805
28,130382
28,157359
28,115690
28,37653
28,147508
28,31736
28,125615
28,196606
28,174274
28,34900
28,151381
28,99429
28,41053
28,60302
28,201382
28,108495
28,29754
28,144298
28,77519
28,14305
28,6488
28,39997
28,41630
28,70154
28,30945
28,133878
28,28836
28,121628
28,176897
28,18615
28,36642
28,109622
28,59408
28,167626
28,153611
28,18159
28,42933
28,131918
28,38517
28,54460
28,163746
28,189946
28,50440
28,180220
28,190511
28,213932
28,81804
28,146901
28,53086
28,54946
28,218416
28,14281
28,1389
28,112297
28,160827
28,146308
28,75779
28,88469
28,202297
28,40620
28,148183
28,83510
28,37002
28,8985
28,211043
28,209477
28,49822
28,154104
28,42414
28,144434
28,214551
28,99574
28,200268
28,211643
28,29358
28,102735
28,38970
28,139122
28,132317
28,55920
28,140812
28,84595
28,177486
28,206876
28,91848
28,146060
28,205959
28,170990
28,4906
29,34666
29,173730
29,77951
29,26637
29,85561
29,136490
29,54604
29,172141
29,29655
29,182443
29,59165
29,190725
29,212998
29,102756
29,202446
29,93674
29,114712
29,129463
29,156221
29,151050
29,156721
29,114685
29,173792
29,195228
29,197216
29,143742
29,151197
29,192842
29,5403
29,172684
29,95982
29,174031
29,134744
29,161935
29,28551
29,138352
29,12102
29,76195
29,148026
29,195502
29,195272
29,32246
29,213178
29,141917
29,171415
29,162356
29,1794
29,76011
29,201113
29,101875
29,109920
29,21332
29,111869
29,54435
29,27710
29,170192
29,71357
29,109135
29,121859
29,161553
29,178433
29,79161
29,37276
29,91600
29,20412
29,3794
29,43672
29,91918
29,164982
29,168879
29,137862
29,209474
29,12248
29,144914
29,178892
29,100586
29,112055
29,173078
29,93853
29,70048
29,142976
29,36948
29,212075
29,102694
29,94047
29,43595
29,129875
29,125432
29,112013
29,215152
29,29813
29,52510
29,27056
29,169810
29,80067
29,92590
29,30391
29,137873
29,19349
29,104863
30,203954
30,64085
30,120757
30,46667
30,166715
30,110992
30,6139
30,90758
30,179404
30,202598
30,144115
30,141837
30,73451
30,50138
30,155741
30,136434
30,216137
30,19444
30,122526
30,162916
30,63396
30,38001
30,135247
30,212140
30,26123
30,190597
30,37776
30,38784
30,138508
30,8358
30,188510
30,146162
30,155533
30,24464
30,193328
30,96710
30,110421
30,28211
30,15601
30,100994
30,159407
30,155883
30,18373
30,114552
30,112672
30,79749
30,106631
30,157284
30,106997
30,52740
30,183399
30,104139
30,183288
30,210913
30,54854
30,128523
30,208653
30,214880
30,123446
30,47495
30,17904
30,192467
30,200259
30,125864
30,203739
30,65772
30,144895
30,28801
30,215906
30,143332
30,59541
30,63715
30,70737
30,124763
30,59042
30,53637
30,58038
30,14128
30,178893
30,74202
30,212444
30,138890
30,7042
30,23636
30,82727
30,58236
30,118305
30,200669
30,201797
30,1769
30,116169
30,158344
30,67679
30,88135
30,89475
30,182802
30,49917
30,185593
30,191120
30,163503
31,112132
31,60776
31,155146
31,77287
31,33961
31,37864
31,93273
31,16672
31,211589
31,50594
31,103549
31,87801
31,118354
31,178279
31,36539
31,219655
31,160218
31,1264
31,202022
31,183629
31,21128
31,96119
31,48493
31,93252
31,5772
31,88456
31,89087
31,61474
31,84845
31,144681
31,123539
31,28013
31,79276
31,84473
31,34197
31,38019
31,112317
31,162065
31,193787
31,113080
31,105059
31,88716
31,36826
31,195790
31,177921
31,108581
31,46851
31,14513
31,215065
31,106823
31,176019
31,139582
31,164267
31,57423
31,80171
31,207249
31,109908
31,153569
31,147927
31,103061
31,166964
31,43277
31,105767
31,116111
31,165925
31,185872
31,54301
31,168775
31,87665
31,127346
31,160636
31,195015
31,26478
31,69162
31,217307
31,184826
31,83443
31,43155
31,76648
31,170645
31,124850
31,150589
31,130783
31,60630
31,39034
31,41543
31,157230
31,24114
31,16458
31,217646
31,85089
31,19570
31,12700
31,141392
31,19780
31,120482
31,164807
31,48940
31,23577
31,76271
32,158281
32,100644
32,11398
32,137955
32,168683
32,152700
32,76835
32,148936
32,77588
32,46160
32,156384
32,184504
32,127605
32,138735
32,121637
32,187196
32,64666
32,219486
32,104956
32,64654
32,118718
32,97798
32,166669
32,75148
32,137563
32,79999
32,27758
32,161886
32,33130
32,215028
32,8549
32,188178
32,173235
32,39099
32,97498
32,112776
32,151019
32,204315
32,79551
32,4060
32,1649
32,49453
32,44901
32,10072
32,207098
32,26372
32,126315
32,4497
32,208291
32,160406
32,131999
32,34618
32,125700
32,185944
32,122354
32,212549
32,200467
32,219150
32,161921
32,101270
32,147231
32,93877
32,82032
32,80469
32,11560
32,203121
32,153772
32,111877
32,103950
32,191174
32,184057
32,29336
32,14919
32,95617
32,116413
32,177522
32,145580
32,135158
32,104111
32,165597
32,39934
32,62395
32,138843
32,211915
32,97563
32,13926
32,31790
32,62282
32,92706
32,17557
32,7317
32,176657
32,76682
32,159122
32,52245
32,100369
32,100325
32,121348
32,92566
32,8308
33,23762
33,214492
33,86746
33,170885
33,31362
33,177227
33,129097
33,219654
33,157630
33,88146
33,105068
33,96346
33,126793
33,147040
33,162892
33,36061
33,207634
33,193423
33,182819
33,111287
33,178586
33,118677
33,54195
33,207124
33,107907
33,137445
33,177541
33,91028
33,99445
33,38271
33,10557
33,205736
33,207516
33,165222
33,16237
33,154838
33,10591
33,104833
33,166234
33,103602
33,62717
33,112686
33,91924
33,11501
33,127409
33,80248
33,77981
33,54642
33,45085
33,182923
33,25677
33,36897
33,60932
33,69231
33,212379
33,190367
33,35160
33,50845
33,74142
33,59944
33,10670
33,194505
33,121199
33,46871
33,132899
33,78094
33,192071
33,54747
33,108650
33,56008
33,22435
33,91749
33,213369
33,198537
33,184610
33,153486
33,199422
33,148865
33,88697
33,68230
33,127299
33,179787
33,220167
33,124739
33,81487
33,137370
33,75349
33,166264
33,89150
33,171387
33,173678
33,24577
33,104648
33,192006
33,157551
33,219122
33,44043
33,16740
33,210517
33,20886
34,73361
34,171479
34,49798
34,140583
34,206206
34,72823
34,128576
34,98699
34,199802
34,97688
34,209737
34,191322
34,82347
34,147037
34,139516
34,217690
34,197458
34,212229
34,14249
34,147555
34,136287
34,164645
34,61022
34,100971
34,60400
34,150293
34,26440
34,53481
34,82311
34,2520
34,62398
34,46051
34,56202
34,39674
34,167224
34,51606
34,47950
34,141693
34,54583
34,39057
34,8889
34,16502
34,24808
34,21728
34,72355
34,120763
34,49904
34,139438
34,71308
34,199629
34,10727
34,129590
34,151418
34,160351
34,58727
34,26958
34,112518
34,164081
34,106442
34,204168
34,207712
34,151734
34,199063
34,137449
34,123448
34,168710
34,175019
34,101204
34,37651
34,36450
34,6133
34,159120
34,152695
34,186924
34,203807
34,37850
34,32635
34,71164
34,87000
34,130229
34,9989
34,100450
34,188876
34,87089
34,60888
34,84483
34,209634
34,28290
34,212422
34,214799
34,220674
34,58054
34,8502
34,171749
34,1633
34,60924
34,6988
34,143683
34,76626
34,179332
35,8000
35,8925
35,972
35,191952
35,162941
35,116463
35,22203
35,174140
35,46917
35,173470
35,100108
35,113701
35,31173
35,92128
35,64786
35,102169
35,149573
35,79960
35,114272
35,190432
35,40415
35,175384
35,41704
35,91173
35,50525
35,131756
35,203292
35,59892
35,186470
35,133533
35,136035
35,5137
35,205446
35,162848
35,111771
35,68971
35,213987
35,54008
35,124694
35,1089
35,130634
35,57199
35,22654
35,205968
35,119776
35,36442
35,68090
35,143458
35,142234
35,28266
35,147616
35,130291
35,18794
35,210050
35,23812
35,171402
35,45802
35,35852
35,150194
35,40717
35,53904
35,180574
35,9475
35,136642
35,196742
35,4397
35,15609
35,51030
35,45431
35,29365
35,48904
35,13735
35,684
35,192300
35,8343
35,13227
35,177263
35,30867
35,67797
35,111486
35,147052
35,65464
35,213563
35,29560
35,197419
35,62461
35,14214
35,17177
35,59462
35,2244
35,201320
35,156937
35,70990
35,171133
35,29142
35,62666
35,95739
35,130813
35,123047
35,92252
36,212512
36,22327
36,128728
36,33841
36,54841
36,17097
36,36437
36,122114
36,114648
36,94703
36,219778
36,120775
36,6616
36,171364
36,111183
36,173062
36,167188
36,26077
36,112443
36,179334
36,95711
36,28857
36,23045
36,25602
36,135932
36,119010
36,164284
36,207541
36,3790
36,67764
36,6600
36,180124
36,154756
36,101226
36,44747
36,4556
36,66461
36,82947
36,216821
36,96184
36,59473
36,49616
36,217130
36,118999
36,146128
36,216908
36,144020
36,84725
36,111588
36,217679
36,179761
36,167713
36,195522
36,129282
36,164687
36,36722
36,185304
36,149800
36,195063
36,47526
36,176772
36,201421
36,45988
36,181068
36,50212
36,139990
36,14665
36,154031
36,96358
36,25806
36,124008
36,198882
36,14430
36,136405
36,35491
36,213159
36,159964
36,205001
36,138863
36,137538
36,176736
36,73214
36,161090
36,106185
36,155618
36,199967
36,46205
36,143450
36,53936
36,46986
36,49121
36,147871
36,207646
36,202527
36,43616
36,85371
36,90548
36,131667
36,59445
36,81317
37,205856
37,184789
37,174396
37,219151
37,170705
37,71075
37,92225
37,160346
37,79100
37,13974
37,132842
37,119625
37,193113
37,23025
37,60922
37,72321
37,30815
37,125330
37,36986
37,173049
37,167348
37,53476
37,174559
37,163006
37,93918
37,66188
37,60727
37,77105
37,82371
37,213737
37,63278
37,17856
37,74095
37,29573
37,115360
37,13960
37,61516
37,153626
37,167364
37,189882
37,162696
37,217616
37,55334
37,197
37,133953
37,97992
37,102373
37,89288
37,59190
37,67476
37,97698
37,61496
37,120165
37,41843
37,215402
37,149154
37,141755
37,37025
37,219309
37,147233
37,192605
37,57962
37,29100
37,50075
37,88814
37,45711
37,211567
37,10057
37,18866
37,111785
37,161674
37,139907
37,41570
37,8595
37,83042
37,190111
37,126266
37,34971
37,96969
37,129648
37,73689
37,170339
37,131350
37,36026
37,38199
37,210137
37,5948
37,27334
37,80071
37,77679
37,188955
37,208391
37,207315
37,145398
37,83479
37,129623
37,104595
37,89251
37,169074
37,182722
38,92155
38,71390
38,17511
38,29883
38,30149
38,202814
38,145888
38,139121
38,28958
38,147252
38,116846
38,32499
38,57304
38,203485
38,97809
38,80584
38,20399
38,156818
38,103858
38,206559
38,171463
38,2187
38,155362
38,29467
38,75236
38,133257
38,49530
38,199988
38,64044
38,7988
38,137648
38,117332
38,78981
38,193989
38,34995
38,9232
38,87491
38,170752
38,212375
38,38792
38,79694
38,199004
38,13221
38,219210
38,138456
38,111773
38,127572
38,210370
38,30349
38,142926
38,57152
38,149247
38,99621
38,121110
38,47403
38,28702
38,216561
38,155715
38,192276
38,219293
38,198235
38,110117
38,194002
38,163244
38,86675
38,98383
38,187481
38,168377
38,19700
38,14484
38,218104
38,42028
38,178750
38,92668
38,42050
38,204870
38,195267
38,65625
38,105096
38,113433
38,102874
38,186529
38,218189
38,98425
38,69860
38,2670
38,172705
38,55546
38,113894
38,8494
38,150590
38,127339
38,82516
38,147860
38,177901
38,210348
38,209525
38,104281
38,136985
38,176687
39,25649
39,151987
39,135544
39,144725
39,59933
39,357
39,67016
39,72054
39,87389
39,210457
39,63946
39,197429
39,185765
39,160630
39,78571
39,181875
39,89118
39,2546
39,178376
39,120978
39,196066
39,26211
39,10371
39,126559
39,200147
39,69342
39,132158
39,5537
39,88370
39,203625
39,143148
39,110207
39,96702
39,104314
39,6471
39,161775
39,181744
39,135047
39,135899
39,56015
39,85817
39,71877
39,196614
39,166035
39,174462
39,190552
39,169052
39,96543
39,148397
39,194212
39,40274
39,70196
39,209790
39,165042
39,35269
39,81716
39,183237
39,80097
39,42358
39,25878
39,168173
39,98649
39,165288
39,32951
39,170707
39,30420
39,166342
39,156983
39,80721
39,184615
39,26465
39,156684
39,110253
39,129696
39,69666
39,90155
39,43221
39,24556
39,107924
39,156558
39,64834
39,190119
39,195368
39,64746
39,216807
39,108320
39,120159
39,155453
39,7877
39,109992
39,14436
39,172285
39,138085
39,151795
39,78037
39,112879
39,141195
39,128137
39,75667
39,88911
40,43882
40,69454
40,192216
40,87412
40,139491
40,150055
40,80657
40,32867
40,68291
40,88130
40,116477
40,9861
40,193651
40,29945
40,7384
40,32613
40,220273
40,196420
40,30279
40,170320
40,152526
40,170314
40,127141
40,206690
40,123378
40,129735
40,106212
40,182016
40,45428
40,8615
40,180471
40,123996
40,184066
40,189369
40,6
40,104032
40,90651
40,133527
40,115174
40,7830
40,28531
40,220015
40,171637
40,121140
40,149189
40,22184
40,138672
40,136868
40,19961
40,213458
40,153205
40,49983
40,26191
40,143780
40,24881
40,92525
40,83154
40,36218
40,186232
40,98102
40,38213
40,185129
40,43097
40,121126
40,91898
40,183
40,74506
40,118956
40,50320
40,74913
40,147557
40,185997
40,11658
40,88506
40,182779
40,42856
40,74519
40,106350
40,163857
40,203209
40,161815
40,199563
40,105020
40,99740
40,116700
40,91665
40,139734
40,60694
40,198812
40,67520
40,198756
40,71811
40,80352
40,124022
40,88430
40,193670
40,49354
40,27811
40,212228
40,70777
41,49464
41,130999
41,42635
41,598
41,16730
41,97709
41,138054
41,27012
41,115280
41,164197
41,76024
41,132416
41,110893
41,184580
41,146291
41,10137
41,215064
41,82276
41,62726
41,97756
41,111145
41,164559
41,22801
41,35966
41,85016
41,155307
41,103804
41,163075
41,145292
41,26618
41,206934
41,80239
41,30215
41,124659
41,167642
41,98081
41,32662
41,132795
41,124824
41,73220
41,74762
41,170917
41,75767
41,180847
41,139646
41,156432
41,192917
41,37132
41,27051
41,200576
41,156809
41,150458
41,145662
41,151005
41,65997
41,200649
41,26902
41,52621
41,70981
41,29622
41,99053
41,16768
41,65577
41,66701
41,30122
41,3062
41,136321
41,78735
41,63102
41,133653
41,86784
41,104787
41,11984
41,7844
41,130464
41,22127
41,22347
41,78663
41,168073
41,164482
41,133185
41,131189
41,192649
41,137181
41,37861
41,181573
41,157376
41,142977
41,16254
41,56524
41,118746
41,133031
41,7774
41,97530
41,7067
41,133631
41,81350
41,172381
41,36429
41,216784
42,128663
42,51635
42,68024
42,132420
42,119098
42,104898
42,158195
42,8040
42,119419
42,99745
42,54206
42,6704
42,199046
42,146771
42,74436
42,103420
42,152241
42,114310
42,107328
42,205289
42,35341
42,95391
42,156689
42,105148
42,182304
42,207408
42,14365
42,188284
42,172651
42,27905
42,44932
42,216516
42,213551
42,158166
42,220419
42,51336
42,150403
42,124685
42,205088
42,19964
42,108740
42,25147
42,116836
42,219462
42,84407
42,151644
42,182838
42,157659
42,34619
42,90345
42,162265
42,55795
42,51420
42,107657
42,184148
42,115659
42,165972
42,123624
42,124053
42,155449
42,217145
42,145893
42,59793
42,45610
42,87377
42,195164
42,42985
42,17884
42,40523
42,70051
42,9432
42,208259
42,198439
42,27847
42,3553
42,104408
42,38122
42,155590
42,123830
42,112930
42,29149
42,175577
42,33595
42,175360
42,30023
42,65230
42,16779
42,17615
42,71594
42,175645
42,212040
42,17617
42,46500
42,3628
42,107543
42,34677
42,38134
42,148243
42,194961
42,109954
43,32509
43,211093
43,49922
43,176534
43,194593
43,56205
43,204581
43,114971
43,37357
43,202767
43,177194
43,6034
43,33432
43,149404
43,199631
43,98928
43,144548
43,9850
43,164945
43,157092
43,174377
43,42725
43,159475
43,92869
43,15413
43,127481
43,173254
43,80507
43,6245
43,86005
43,191341
43,19255
43,76277
43,77367
43,219558
43,135703
43,31218
43,65758
43,11959
43,32251
43,138018
43,20063
43,153225
43,46534
43,92492
43,99027
43,202379
43,185383
43,220437
43,161082
43,16602
43,210824
43,99287
43,31088
43,72655
43,199179
43,95289
43,93118
43,54155
43,49074
43,209385
43,158084
43,12631
43,64668
43,199608
43,61771
43,173261
43,140233
43,118302
43,137258
43,99087
43,152437
43,62037
43,55075
43,217162
43,129439
43,69381
43,198142
43,94232
43,167444
43,51592
43,79552
43,124768
43,156052
43,171670
43,211047
43,136395
43,47756
43,39321
43,174871
43,180190
43,118248
43,163699
43,93697
43,79194
43,124371
43,173310
43,412
43,79310
43,216668
44,47875
44,20136
44,116930
44,41011
44,90870
44,196579
44,190601
44,17610
44,172690
44,22187
44,51934
44,27598
44,96356
44,69034
44,40564
44,9001
44,47332
44,196734
44,106362
44,69282
44,160083
44,187153
44,56219
44,95254
44,188721
44,185541
44,160326
44,32327
44,24759
44,95975
44,175779
44,107085
44,55879
44,57283
44,167025
44,37622
44,204828
44,84093
44,184635
44,43332
44,171437
44,76967
44,28163
44,160969
44,15099
44,73030
44,65175
44,138734
44,21160
44,181080
44,133868
44,211411
44,40342
44,63439
44,150870
44,97570
44,30868
44,65475
44,162176
44,206787
44,7082
44,138743
44,157087
44,96033
44,135800
44,55998
44,111915
44,138342
44,120243
44,97475
44,62544
44,54246
44,119509
44,125731
44,137391
44,27723
44,107499
44,24389
44,122554
44,7072
44,135382
44,192222
44,119925
44,98840
44,211113
44,33968
44,144395
44,177679
44,84220
44,149172
44,81719
44,35735
44,126346
44,162429
44,16488
44,161560
44,1187
44,24536
44,67187
44,217240
45,100389
45,149297
45,68131
45,191547
45,163373
45,70354
45,10639
45,55888
45,93517
45,141115
45,194287
45,818
45,25686
45,210963
45,80990
45,132813
45,107168
45,194743
45,112483
45,180936
45,65780
45,79308
45,53110
45,158920
45,116664
45,1426
45,200774
45,35826
45,38688
45,16884
45,143360
45,40163
45,11796
45,153287
45,205940
45,183194
45,101964
45,141811
45,41425
45,146577
45,37534
45,59533
45,127426
45,165697
45,142660
45,34236
45,7689
45,177097
45,61290
45,107087
45,144829
45,203537
45,195240
45,147819
45,165173
45,185102
45,142941
45,93338
45,147571
45,83578
45,51797
45,116071
45,211089
45,176505
45,189030
45,124263
45,81741
45,170506
45,59751
45,56864
45,178172
45,39825
45,76542
45,187539
45,122906
45,146163
45,106864
45,65955
45,72773
45,170614
45,60007
45,134141
45,164719
45,133072
45,215927
45,122675
45,193143
45,180371
45,37375
45,93812
45,10955
45,162550
45,32491
45,94028
45,218210
45,9921
45,111456
45,186142
45,67532
45,42238
46,153516
46,50707
46,52603
46,153729
46,98447
46,76787
46,163605
46,132264
46,200920
46,217537
46,93804
46,170057
46,132223
46,123949
46,67142
46,46346
46,41205
46,79631
46,198626
46,67706
46,38242
46,33215
46,49451
46,58351
46,176393
46,171298
46,213479
46,34855
46,189614
46,193560
46,172343
46,80803
46,192077
46,50299
46,170568
46,217489
46,178382
46,199738
46,213144
46,5373
46,89504
46,70216
46,138806
46,4716
46,34966
46,153832
46,41621
46,200368
46,210337
46,193953
46,30841
46,53550
46,56318
46,84380
46,39044
46,107341
46,167116
46,99814
46,215638
46,131507
46,163517
46,63256
46,123855
46,47376
46,22401
46,177036
46,4051
46,8195
46,207868
46,38743
46,163202
46,24769
46,183350
46,122469
46,188367
46,13760
46,30040
46,130981
46,162183
46,220262
46,104919
46,35787
46,70637
46,1994
46,44184
46,83539
46,220207
46,77789
46,152313
46,167401
46,192135
46,30132
46,118977
46,85781
46,152394
46,695
46,161095
46,136706
46,93138
46,111925
47,94628
47,4973
47,101605
47,73317
47,152335
47,40728
47,36368
47,173754
47,202620
47,47696
47,213216
47,181747
47,164529
47,70105
47,35237
47,63929
47,125062
47,28561
47,64259
47,129308
47,63411
47,31506
47,190064
47,56696
47,101380
47,110163
47,40666
47,74233
47,148353
47,125288
47,60490
47,181891
47,19408
47,62791
47,80463
47,150542
47,95656
47,95978
47,214628
47,11846
47,49934
47,111400
47,181460
47,96177
47,138686
47,171836
47,62129
47,129222
47,136629
47,199584
47,183234
47,159582
47,213605
47,46710
47,198684
47,25371
47,60910
47,165423
47,31823
47,74752
47,90460
47,199
47,99023
47,102200
47,36075
47,173610
47,71280
47,199761
47,123336
47,6878
47,181947
47,95862
47,41819
47,110179
47,217944
47,56534
47,156425
47,117748
47,7236
47,210452
47,162281
47,194254
47,131990
47,86430
47,196476
47,219948
47,22980
47,173483
47,106932
47,47990
47,128118
47,65783
47,24110
47,66218
47,80478
47,193324
47,155436
47,41485
47,100797
47,178985
48,107084
48,194227
48,135720
48,196319
48,25278
48,105183
48,176179
48,16727
48,194721
48,53240
48,118751
48,150218
48,54775
48,53819
48,148638
48,131867
48,118842
48,114227
48,107896
48,215685
48,196043
48,30803
48,73234
48,70537
48,39830
48,220433
48,158393
48,206556
48,52570
48,141752
48,194200
48,192424
48,117575
48,33794
48,103981
48,219924
48,27119
48,116919
48,163323
48,166756
48,106174
48,81916
48,97965
48,197133
48,167656
48,173881
48,126233
48,177930
48,158791
48,12494
48,90747
48,3746
48,93692
48,118601
48,17304
48,75510
48,185442
48,137911
48,108411
48,150341
48,89476
48,79286
48,215990
48,50094
48,125689
48,195065
48,95109
48,58200
48,16122
48,190220
48,166484
48,204938
48,14631
48,158916
48,36929
48,204792
48,174133
48,136741
48,63200
48,78626
48,46496
48,202265
48,163852
48,48332
48,15
48,186617
48,9429
48,88826
48,25485
48,61637
48,62740
48,118921
48,42660
48,140647
48,88082
48,180784
48,68494
48,200345
48,63754
48,98375
49,52316
49,213021
49,69149
49,139911
49,119065
49,183349
49,94044
49,71712
49,83839
49,79444
49,27447
49,45582
49,78926
49,88164
49,55301
49,99542
49,117289
49,86544
49,126055
49,88543
49,19920
49,58980
49,41794
49,176155
49,180531
49,103818
49,106588
49,109539
49,40088
49,84745
49,15779
49,143958
49,55679
49,121556
49,48732
49,62927
49,75425
49,147179
49,31565
49,170118
49,139166
49,203055
49,71500
49,85809
49,81512
49,212708
49,44546
49,61258
49,218082
49,81121
49,159284
49,94393
49,219374
49,134955
49,133601
49,135969
49,200900
49,180518
49,87309
49,146770
49,14832
49,995
49,191500
49,157569
49,52566
49,51346
49,209902
49,141618
49,151793
49,109305
49,123427
49,93461
49,144474
49,20372
49,96038
49,85128
49,128132
49,29331
49,53019
49,204406
49,58235
49,143682
49,3136
49,88166
49,133789
49,82576
49,167848
49,144673
49,42465
49,182905
49,190018
49,158039
49,167047
49,153236
49,180348
49,178989
49,209541
49,132242
49,214498
49,12512
50,102644
50,12701
50,103680
50,105527
50,211657
50,196177
50,178573
50,62188
50,123358
50,138591
50,155091
50,7394
50,7806
50,87282
50,220441
50,21210
50,24353
50,184875
50,69750
50,85077
50,48144
50,73979
50,24246
50,180981
50,110788
50,170044
50,64477
50,38146
50,71458
50,130646
50,65199
50,38502
50,152290
50,208979
50,138383
50,114788
50,30053
50,117790
50,151339
50,28361
50,22353
50,98981
50,3892
50,9216
50,5799
50,178435
50,219696
50,185972
50,149813
50,50736
50,186427
50,51414
50,53362
50,198010
50,200272
50,181066
50,170323
50,122791
50,19358
50,189763
50,46564
50,140265
50,142435
50,20198
50,89353
50,155234
50,96348
50,30213
50,83159
50,5796
50,62289
50,202274
50,167523
50,49294
50,165043
50,127259
50,66589
50,155461
50,153965
50,185769
50,38669
50,53906
50,209897
50,3071
50,32723
50,92254
50,101512
50,179699
50,179149
50,34746
50,183773
50,13087
50,133115
50,15119
50,42041
50,117906
50,172787
50,215373
50,40064
50,172163
51,24867
51,54048
51,108407
51,115574
51,182154
51,201070
51,193577
51,96578
51,213647
51,181034
51,4230
51,12654
51,21490
51,156100
51,28214
51,192691
51,28642
51,121821
51,81586
51,47775
51,137124
51,147843
51,60646
51,142957
51,59478
51,118850
51,78569
51,20924
51,81908
51,79532
51,209383
51,149716
51,185327
51,148774
51,105249
51,101568
51,12930
51,82653
51,110480
51,73624
51,141318
51,100918
51,35372
51,85442
51,86644
51,204492
51,8436
51,152987
51,78075
51,78001
51,218415
51,4566
51,157236
51,130639
51,134368
51,16560
51,131852
51,42046
51,1737
51,176399
51,77249
51,163649
51,84225
51,105712
51,135023
51,191885
51,165230
51,206400
51,139995
51,61676
51,108116
51,149143
51,120964
51,16935
51,168556
51,88429
51,196627
51,117218
51,89902
51,76615
51,946
51,212816
51,19371
51,182151
51,204254
51,60066
51,56135
51,46230
51,67090
51,209492
51,119474
51,195034
51,14706
51,48296
51,38022
51,16008
51,195410
51,58493
51,196709
51,98996
52,33333
52,194799
52,99587
52,105184
52,149747
52,43353
52,1912
52,106626
52,113854
52,177871
52,91417
52,2262
52,134420
52,138525
52,142541
52,157157
52,217396
52,186880
52,98149
52,14845
52,193932
52,139322
52,188054
52,190382
52,12397
52,144232
52,85313
52,17208
52,82734
52,213457
52,16643
52,141299
52,160698
52,110190
52,21508
52,33720
52,103018
52,54720
52,169501
52,188084
52,213125
52,24422
52,123704
52,167300
52,39030
52,157078
52,114910
52,44101
52,199382
52,22603
52,12846
52,59137
52,98009
52,63992
52,146276
52,155242
52,81869
52,46953
52,23169
52,113125
52,52464
52,14605
52,15406
52,203546
52,149560
52,197481
52,170710
52,174308
52,38055
52,59946
52,46993
52,69384
52,13793
52,94274
52,141311
52,88700
52,59205
52,8391
52,181413
52,185816
52,217252
52,9689
52,128690
52,204214
52,158133
52,83814
52,6302
52,158899
52,28951
52,159763
52,82599
52,136198
52,185584
52,87710
52,122131
52,62928
52,161463
52,133841
52,7892
52,2415
53,29973
53,52330
53,70034
53,144638
53,170075
53,128974
53,6943
53,170315
53,114817
53,79029
53,215691
53,135360
53,12451
53,185408
53,127195
53,93502
53,136789
53,109776
53,132318
53,98535
53,34056
53,131048
53,153828
53,149736
53,100030
53,204328
53,40790
53,162596
53,168225
53,209365
53,9456
53,180616
53,32730
53,99970
53,193790
53,42235
53,93478
53,3663
53,131744
53,43740
53,160910
53,5462
53,194724
53,159651
53,171324
53,129182
53,28047
53,172058
53,28754
53,173771
53,118242
53,135937
53,7782
53,30085
53,83379
53,94284
53,171982
53,79824
53,117046
53,168450
53,77903
53,177479
53,89696
53,127621
53,14828
53,150990
53,71760
53,52851
53,156464
53,194247
53,22594
53,207420
53,133989
53,95580
53,26742
53,200261
53,19762
53,26227
53,127241
53,48026
53,133550
53,182968
53,48424
53,220714
53,133084
53,147267
53,13807
53,28664
53,11668
53,119697
53,114769
53,113753
53,101399
53,48666
53,203328
53,166593
53,71662
53,171992
53,197991
53,203890
54,72044
54,173113
54,64422
54,120056
54,171627
54,188896
54,94740
54,8383
54,193512
54,200866
54,185089
54,1128
54,113232
54,30729
54,105248
54,539
54,81126
54,64870
54,26645
54,157350
54,126456
54,172838
54,114402
54,165092
54,86003
54,120917
54,213019
54,174130
54,22541
54,85398
54,11071
54,205717
54,77206
54,68431
54,117533
54,128891
54,201798
54,40000
54,63840
54,65784
54,80416
54,34667
54,184088
54,131512
54,165579
54,52833
54,74796
54,5967
54,57235
54,177250
54,121537
54,52695
54,85127
54,142182
54,123095
54,79786
54,203720
54,98579
54,56622
54,100252
54,12148
54,218820
54,66422
54,87521
54,9711
54,129754
54,101923
54,162499
54,121805
54,41177
54,130478
54,10017
54,155943
54,76607
54,79451
54,210535
54,29008
54,214944
54,218212
54,124269
54,27231
54,90168
54,1663
54,172342
54,87930
54,142376
54,7376
54,103548
54,210396
54,146691
54,100111
54,27893
54,169788
54,175762
54,172409
54,138023
54,177593
54,70757
54,189932
54,192921
55,102276
55,110940
55,190593
55,68401
55,39379
55,8525
55,146603
55,218617
55,194470
55,131422
55,174574
55,106541
55,149016
55,215989
55,124895
55,183479
55,105574
55,94007
55,175367
55,206331
55,202479
55,118032
55,151792
55,160311
55,147705
55,89185
55,134690
55,75573
55,27030
55,61738
55,128271
55,141062
55,81793
55,8211
55,75176
55,16167
55,154111
55,203463
55,167273
55,215963
55,182297
55,47744
55,69130
55,205515
55,218038
55,87444
55,89435
55,84752
55,32575
55,116453
55,213480
55,163255
55,216180
55,188729
55,158371
55,45745
55,23583
55,21658
55,194607
55,108960
55,97137
55,58875
55,197900
55,1537
55,194163
55,202784
55,10251
55,79410
55,71042
55,92730
55,93451
55,169821
55,51203
55,28571
55,18908
55,27260
55,65657
55,83556
55,12540
55,147214
55,137229
55,171601
55,124236
55,188002
55,100969
55,173993
55,189964
55,181604
55,135396
55,97829
55,375
55,8597
55,29992
55,12392
55,8936
55,8388
55,111868
55,122555
55,220646
55,71109
56,20450
56,17903
56,38897
56,190422
56,104391
56,64377
56,9282
56,109174
56,112500
56,47366
56,36456
56,40858
56,2038
56,151690
56,199421
56,111533
56,45636
56,36739
56,140577
56,160826
56,44438
56,130523
56,174231
56,206186
56,204046
56,141779
56,169829
56,108441
56,34616
56,148030
56,75952
56,207557
56,53614
56,220424
56,180607
56,158756
56,1562
56,24721
56,181659
56,142055
56,69388
56,152087
56,209934
56,122908
56,71482
56,114081
56,31182
56,211675
56,53893
56,72571
56,174673
56,164462
56,204443
56,187788
56,116088
56,28724
56,215362
56,47089
56,212871
56,53571
56,91674
56,19386
56,85378
56,23988
56,56839
56,71223
56,44994
56,217722
56,201749
56,159064
56,129011
56,48368
56,64236
56,86599
56,215871
56,196531
56,100952
56,181407
56,180724
56,109602
56,62551
56,210935
56,114773
56,12245
56,114974
56,162211
56,190341
56,184626
56,45046
56,19851
56,28821
56,154174
56,62919
56,5968
56,50432
56,180590
56,123888
56,56675
56,217826
56,11927
57,84310
57,123862
57,184966
57,73890
57,213890
57,59805
57,79574
57,128045
57,53418
57,97100
57,46613
57,173010
57,10466
57,94927
57,114451
57,202027
57,35980
57,187121
57,211789
57,172044
57,181953
57,118165
57,11447
57,41149
57,60000
57,71773
57,39169
57,19257
57,32885
57,113451
57,146792
57,83512
57,124204
57,19770
57,179101
57,211982
57,96562
57,206338
57,40311
57,203275
57,80483
57,32790
57,216400
57,143997
57,163183
57,185936
57,41475
57,69541
57,121510
57,62806
57,60210
57,52499
57,39026
57,199888
57,171888
57,43298
57,110087
57,68887
57,129120
57,63831
57,39647
57,15215
57,149673
57,19933
57,87121
57,62710
57,93428
57,87093
57,20157
57,131020
57,94821
57,6594
57,144028
57,182120
57,24654
57,169702
57,197314
57,93081
57,33031
57,134430
57,3862
57,174847
57,207238
57,10482
57,19004
57,46824
57,155430
57,135193
57,114862
57,70168
57,109891
57,125161
57,29095
57,111075
57,155807
57,115455
57,142987
57,103515
57,37533
57,15249
58,149302
58,26404
58,17837
58,173018
58,191769
58,205453
58,28192
58,165203
58,131877
58,61453
58,156969
58,209073
58,59856
58,188332
58,9979
58,9541
58,203570
58,206509
58,79191
58,119475
58,196325
58,143073
58,11439
58,137837
58,170485
58,201192
58,213195
58,49109
58,13821
58,32031
58,63777
58,127321
58,187542
58,1821
58,163195
58,62581
58,120203
58,199477
58,61399
58,124220
58,142980
58,129886
58,156261
58,101448
58,154041
58,160176
58,65188
58,165331
58,197145
58,165499
58,109311
58,118278
58,78057
58,71498
58,181475
58,182504
58,174098
58,188670
58,89489
58,130465
58,62413
58,53310
58,213651
58,167110
58,171995
58,20981
58,34817
58,219832
58,43553
58,206981
58,194070
58,13267
58,36958
58,31126
58,179950
58,32920
58,44508
58,4273
58,71448
58,72178
58,193832
58,63905
58,97732
58,155710
58,126944
58,98936
58,28745
58,124890
58,59610
58,77535
58,174530
58,73151
58,181276
58,111616
58,1311
58,48180
58,141370
58,45732
58,157130
58,152339
59,39945
59,36405
59,211933
59,123241
59,55862
59,99895
59,59713
59,86596
59,106520
59,215195
59,135950
59,186945
59,50398
59,151720
59,193304
59,130510
59,85259
59,23143
59,79429
59,62174
59,91193
59,189462
59,111594
59,301
59,5251
59,13756
59,180393
59,58112
59,205057
59,97971
59,129218
59,77453
59,6373
59,76244
59,189332
59,159196
59,83048
59,59135
59,147910
59,138158
59,126258
59,57845
59,142237
59,111117
59,80872
59,106913
59,16481
59,212293
59,33988
59,184231
59,91457
59,86330
59,5280
59,183990
59,15061
59,120308
59,33104
59,68798
59,140799
59,26711
59,87678
59,205510
59,50580
59,101406
59,124173
59,67031
59,130906
59,220166
59,180831
59,23156
59,53823
59,129106
59,170000
59,208547
59,59522
59,197125
59,114923
59,105048
59,174909
59,42248
59,6489
59,151944
59,186639
59,181798
59,70151
59,39909
59,30201
59,44466
59,197032
59,202988
59,91702
59,199781
59,109416
59,139381
59,28440
59,14763
59,70255
59,161495
59,211644
59,179527
60,146156
60,152564
60,167568
60,157381
60,206612
60,208128
60,199489
60,79605
60,74135
60,159447
60,57075
60,132369
60,102164
60,142215
60,13293
60,154301
60,198093
60,84625
60,32580
60,147931
60,27757
60,170550
60,21403
60,99277
60,190970
60,150655
60,124636
60,30747
60,17658
60,160068
60,115736
60,151361
60,122657
60,192013
60,49123
60,188396
60,176124
60,200002
60,107103
60,20904
60,13647
60,57915
60,185843
60,95388
60,186586
60,218358
60,181104
60,43701
60,147009
60,201466
60,160932
60,214267
60,70046
60,13822
60,124811
60,64102
60,76789
60,160384
60,191677
60,137642
60,140656
60,122837
60,27146
60,107692
60,168811
60,62360
60,112338
60,74270
60,82067
60,91582
60,109133
60,173578
60,157964
60,212338
60,75764
60,139435
60,71186
60,163824
60,89221
60,128666
60,126428
60,218446
60,143398
60,192978
60,83827
60,184962
60,71196
60,194157
60,75984
60,205116
60,144875
60,60293
60,79040
60,144620
60,99758
60,140504
60,219795
60,77463
60,119367
60,154192
61,45702
61,87560
61,83820
61,2229
61,207745
61,29660
61,130535
61,97332
61,12573
61,192916
61,216958
61,82767
61,58839
61,195793
61,111506
61,108880
61,49115
61,55734
61,39464
61,45746
61,133851
61,110910
61,6222
61,10432
61,180974
61,172936
61,33612
61,119156
61,179873
61,63122
61,116460
61,209418
61,127739
61,17746
61,128354
61,220200
61,43454
61,113461
61,203927
61,40108
61,115426
61,63007
61,122058
61,100071
61,207010
61,104423
61,162555
61,147877
61,167640
61,146877
61,29233
61,152488
61,188602
61,21132
61,118004
61,115335
61,80280
61,73144
61,59300
61,53198
61,138043
61,170863
61,114260
61,85830
61,156541
61,30485
61,124023
61,25357
61,91101
61,80285
61,28602
61,64715
61,100137
61,89990
61,216632
61,190754
61,132159
61,38028
61,219742
61,217449
61,161068
61,143834
61,153135
61,34844
61,212517
61,181833
61,35067
61,20006
61,128372
61,23447
61,16344
61,133442
61,200293
61,215347
61,205430
61,160132
61,188376
61,139272
61,123946
61,196921
62,95326
62,139565
62,183707
62,156804
62,192824
62,183027
62,47496
62,15678
62,132980
62,165934
62,187562
62,177200
62,33876
62,148483
62,75759
62,112910
62,102351
62,6549
62,77404
62,134824
62,112022
62,40590
62,76352
62,120492
62,127732
62,154765
62,194064
62,39669
62,152674
62,80519
62,64428
62,130882
62,133730
62,17048
62,194836
62,100554
62,103000
62,116807
62,192902
62,125597
62,180803
62,85754
62,201808
62,111939
62,44364
62,204682
62,104252
62,197902
62,203083
62,49944
62,95987
62,136923
62,64299
62,157517
62,13710
62,153831
62,153684
62,95337
62,154643
62,76959
62,135907
62,12567
62,68412
62,98628
62,121987
62,78966
62,44164
62,124372
62,190374
62,190252
62,9647
62,59061
62,169759
62,128556
62,40624
62,75704
62,152314
62,183448
62,31331
62,167882
62,14883
62,136226
62,96581
62,15219
62,178439
62,220158
62,158048
62,204193
62,86321
62,14037
62,199350
62,214444
62,130627
62,124342
62,41074
62,21750
62,187988
62,25870
62,103879
62,157548
63,74746
63,161723
63,153213
63,66099
63,64678
63,44204
63,211017
63,136689
63,25606
63,3460
63,136167
63,104045
63,142203
63,26250
63,31550
63,17112
63,151487
63,162687
63,152616
63,216045
63,53151
63,202148
63,44527
63,5125
63,76502
63,41686
63,175938
63,102729
63,8379
63,51820
63,155466
63,92768
63,54701
63,159872
63,28731
63,3163
63,7420
63,180495
63,116331
63,154950
63,77690
63,161958
63,70221
63,131593
63,5380
63,122010
63,196571
63,112881
63,91499
63,79374
63,175681
63,166152
63,16295
63,161983
63,5895
63,16287
63,18114
63,41382
63,92166
63,193215
63,147541
63,128882
63,95438
63,166194
63,77072
63,84801
63,191774
63,69164
63,157006
63,110030
63,173635
63,201015
63,22868
63,90946
63,143954
63,80292
63,46888
63,77088
63,2898
63,138153
63,11926
63,80019
63,7453
63,175851
63,50393
63,4833
63,24329
63,138457
63,157589
63,164045
63,23808
63,215376
63,15741
63,149381
63,115166
63,14709
63,164662
63,96915
63,156394
63,511
